G6/9
E
B  3
G  2
D  2
A
E  3

Rhythm Pattern #1                                  8x
E             |            |           |            |
B   3  3   3  |  3  3   3  | 3  3   3  |  3  3   3  |
G ° 2  2   2  |  2  2   2  | 2  2   2  |  2  2   2 °|
D ° 2  2   2  |  2  2   2  | 2  2   2  |  2  2   2 °|
A             |            |           |            |
E   3    3    |  3    3    | 3    3    |  3    3    |

Rhythm Pattern #2                                            8x
E                |              |              |              |
B   3  3   3  3  |     3  3  3  | 3  3   3  3  |     3  3  3  |
G ° 2  2   2  2  |     2  2  2  | 2  2   2  2  |     2  2  2 °|
D ° 2  2   2  2  |     2  2  2  | 2  2   2  2  |     2  2  2 °|
A                |              |              |              |
E   3    3       |  3     3     | 3    3       |  3     3     |
